count 1225
39 18 aresta 0.056987
40 34 aresta 0.104226
32 16 aresta 0.136118
27 19 aresta 0.138400
44 4 aresta 0.151212
48 37 aresta 0.172649
35 18 aresta 0.181400
45 19 aresta 0.194981
45 27 aresta 0.204055
41 22 aresta 0.218659
23 5 aresta 0.221626
37 36 aresta 0.234288
39 35 aresta 0.238374
44 2 aresta 0.251753
27 15 aresta 0.264272
28 25 aresta 0.292464
32 23 aresta 0.325879
4 2 aresta 0.336494
43 38 aresta 0.347187
32 5 aresta 0.370977
49 3 aresta 0.375874
19 15 aresta 0.380653
23 16 aresta 0.384767
13 0 aresta 0.398112
48 36 aresta 0.404244
21 5 aresta 0.406528
35 3 aresta 0.436655
41 21 aresta 0.438089
40 33 aresta 0.441806
46 16 aresta 0.447679
22 4 aresta 0.448663
45 15 aresta 0.456475
32 21 aresta 0.464013
26 17 aresta 0.477830
16 5 aresta 0.485082
17 13 aresta 0.486383
34 15 aresta 0.486753
22 14 aresta 0.495177
21 4 aresta 0.510671
41 14 aresta 0.514638
22 21 aresta 0.517997
18 3 aresta 0.518740
43 7 aresta 0.524660
44 22 aresta 0.529556
34 33 aresta 0.543733
39 3 aresta 0.553279
45 10 aresta 0.554313
48 0 aresta 0.562276
36 13 aresta 0.563298
34 7 aresta 0.574758
40 15 aresta 0.577455
46 32 aresta 0.578285
23 21 aresta 0.582309
47 19 aresta 0.586830
41 4 aresta 0.589375
21 16 aresta 0.594625
27 10 aresta 0.595301
40 7 aresta 0.597814
43 15 aresta 0.601617
37 0 aresta 0.610637
47 45 aresta 0.612274
26 8 aresta 0.613518
36 17 aresta 0.613630
8 7 aresta 0.622971
37 13 aresta 0.627751
15 10 aresta 0.631537
43 34 aresta 0.632959
40 10 aresta 0.661797
44 21 aresta 0.661878
48 43 aresta 0.663071
11 10 aresta 0.663080
34 10 aresta 0.665775
48 38 aresta 0.670742
48 13 aresta 0.688139
43 37 aresta 0.688696
46 31 aresta 0.693794
36 0 aresta 0.694112
19 10 aresta 0.699734
38 15 aresta 0.700755
36 26 aresta 0.701135
44 41 aresta 0.701649
34 27 aresta 0.713265
29 11 aresta 0.713275
36 7 aresta 0.715354
47 27 aresta 0.719352
33 10 aresta 0.721670
35 9 aresta 0.723428
43 40 aresta 0.724272
5 4 aresta 0.732849
37 7 aresta 0.735052
49 23 aresta 0.743552
49 46 aresta 0.752589
45 30 aresta 0.755625
30 11 aresta 0.762610
49 16 aresta 0.763472
22 2 aresta 0.772150
38 37 aresta 0.774787
9 3 aresta 0.782066
21 2 aresta 0.788501
40 27 aresta 0.789620
49 35 aresta 0.790583
46 23 aresta 0.791620
14 1 aresta 0.807572
41 32 aresta 0.811563
37 17 aresta 0.813693
43 36 aresta 0.828244
31 12 aresta 0.828564
48 7 aresta 0.828730
47 30 aresta 0.834864
43 27 aresta 0.837620
41 5 aresta 0.844502
34 19 aresta 0.847622
49 9 aresta 0.851809
49 32 aresta 0.852621
45 34 aresta 0.856351
25 2 aresta 0.856565
38 27 aresta 0.858398
30 10 aresta 0.859242
38 7 aresta 0.863533
44 5 aresta 0.865045
36 8 aresta 0.871528
17 0 aresta 0.873575
5 2 aresta 0.876362
38 19 aresta 0.878770
49 18 aresta 0.892893
15 7 aresta 0.894782
28 6 aresta 0.897200
26 13 aresta 0.903617
18 9 aresta 0.903629
22 5 aresta 0.906585
33 7 aresta 0.908540
43 19 aresta 0.909849
41 16 aresta 0.914856
45 40 aresta 0.918205
38 34 aresta 0.919443
14 4 aresta 0.925624
41 2 aresta 0.925685
40 19 aresta 0.926321
30 19 aresta 0.926343
28 2 aresta 0.928951
49 39 aresta 0.928964
46 5 aresta 0.929426
37 26 aresta 0.934669
21 14 aresta 0.949898
48 17 aresta 0.952264
32 4 aresta 0.952399
23 4 aresta 0.954054
32 22 aresta 0.954696
30 27 aresta 0.958026
33 15 aresta 0.958158
39 9 aresta 0.960453
49 6 aresta 0.962244
49 5 aresta 0.965152
47 15 aresta 0.965237
44 14 aresta 0.970015
46 9 aresta 0.973119
6 3 aresta 0.975632
31 16 aresta 0.976085
28 5 aresta 0.976725
38 36 aresta 0.977273
26 7 aresta 0.994610
42 12 aresta 0.999682
46 21 aresta 1.000128
41 23 aresta 1.008308
20 8 aresta 1.016780
40 38 aresta 1.019922
42 31 aresta 1.030606
17 8 aresta 1.032626
37 8 aresta 1.038807
40 8 aresta 1.039352
45 43 aresta 1.041330
23 6 aresta 1.045790
28 23 aresta 1.046428
45 11 aresta 1.048024
45 38 aresta 1.052600
32 31 aresta 1.053767
34 8 aresta 1.070502
46 3 aresta 1.070853
22 16 aresta 1.071539
44 23 aresta 1.086628
16 4 aresta 1.087931
23 2 aresta 1.089427
23 3 aresta 1.096184
23 22 aresta 1.098357
44 25 aresta 1.099639
44 32 aresta 1.101133
48 26 aresta 1.105374
33 27 aresta 1.110051
33 11 aresta 1.112610
33 8 aresta 1.120304
33 20 aresta 1.123442
25 4 aresta 1.129328
28 4 aresta 1.134113
43 8 aresta 1.135428
16 3 aresta 1.138477
47 10 aresta 1.138523
44 28 aresta 1.143454
46 12 aresta 1.152627
25 5 aresta 1.156384
43 33 aresta 1.158615
27 7 aresta 1.158852
38 0 aresta 1.161621
6 5 aresta 1.162004
43 10 aresta 1.165901
32 2 aresta 1.175869
27 11 aresta 1.177382
45 33 aresta 1.178879
25 6 aresta 1.178916
12 9 aresta 1.184796
30 15 aresta 1.189343
48 8 aresta 1.195957
37 34 aresta 1.206741
17 7 aresta 1.210828
46 41 aresta 1.220760
43 0 aresta 1.221446
14 2 aresta 1.221756
32 3 aresta 1.228237
44 16 aresta 1.236932
19 11 aresta 1.237870
10 7 aresta 1.240478
48 34 aresta 1.240520
26 0 aresta 1.240672
22 1 aresta 1.242880
39 6 aresta 1.243804
33 19 aresta 1.246949
28 21 aresta 1.250116
36 34 aresta 1.253313
18 6 aresta 1.254371
48 15 aresta 1.256965
40 11 aresta 1.259233
29 10 aresta 1.262412
41 31 aresta 1.263687
25 23 aresta 1.265190
40 37 aresta 1.267692
19 7 aresta 1.270511
13 7 aresta 1.278649
15 11 aresta 1.280819
49 21 aresta 1.283567
31 21 aresta 1.284273
47 38 aresta 1.287051
37 15 aresta 1.290149
34 11 aresta 1.291530
40 36 aresta 1.297739
35 6 aresta 1.299856
16 2 aresta 1.310808
32 14 aresta 1.310971
48 40 aresta 1.312216
16 9 aresta 1.313822
5 3 aresta 1.315393
43 13 aresta 1.316139
41 1 aresta 1.316376
38 10 aresta 1.328775
13 8 aresta 1.330148
32 28 aresta 1.335801
45 7 aresta 1.342406
7 0 aresta 1.345188
14 5 aresta 1.356062
32 6 aresta 1.357269
38 13 aresta 1.358054
25 21 aresta 1.358998
31 23 aresta 1.360301
16 6 aresta 1.364780
33 29 aresta 1.369307
43 26 aresta 1.376171
46 35 aresta 1.378096
31 9 aresta 1.394748
16 14 aresta 1.401355
40 20 aresta 1.408024
46 22 aresta 1.412636
20 7 aresta 1.415605
36 15 aresta 1.416052
31 5 aresta 1.416908
28 16 aresta 1.425752
47 43 aresta 1.426395
47 34 aresta 1.432618
30 29 aresta 1.435858
43 17 aresta 1.436554
49 31 aresta 1.440863
32 9 aresta 1.445753
38 8 aresta 1.456894
47 11 aresta 1.461042
38 33 aresta 1.461659
34 30 aresta 1.469704
48 27 aresta 1.472764
31 22 aresta 1.482294
15 8 aresta 1.486426
31 14 aresta 1.490776
23 9 aresta 1.491274
40 30 aresta 1.493026
34 20 aresta 1.499853
49 28 aresta 1.503480
47 40 aresta 1.507334
46 4 aresta 1.508776
26 20 aresta 1.516875
48 19 aresta 1.520496
37 27 aresta 1.522834
23 14 aresta 1.522855
32 25 aresta 1.526454
35 23 aresta 1.527849
46 18 aresta 1.530403
35 16 aresta 1.532379
40 26 aresta 1.550695
34 26 aresta 1.552961
28 22 aresta 1.554191
8 0 aresta 1.559572
21 6 aresta 1.566031
33 30 aresta 1.568004
25 22 aresta 1.573686
44 1 aresta 1.575438
46 39 aresta 1.578798
16 12 aresta 1.583090
37 19 aresta 1.584162
38 17 aresta 1.585035
4 1 aresta 1.592031
46 6 aresta 1.604143
23 18 aresta 1.610268
38 26 aresta 1.615768
41 28 aresta 1.616119
36 33 aresta 1.620949
25 16 aresta 1.630327
35 32 aresta 1.634431
37 33 aresta 1.635307
39 23 aresta 1.638237
46 14 aresta 1.641872
18 16 aresta 1.651363
21 3 aresta 1.653094
46 44 aresta 1.659711
6 2 aresta 1.663114
36 27 aresta 1.663157
49 41 aresta 1.663966
41 25 aresta 1.672371
48 45 aresta 1.675800
40 29 aresta 1.688568
39 16 aresta 1.690015
10 8 aresta 1.691769
49 12 aresta 1.697053
49 4 aresta 1.697333
28 3 aresta 1.699165
9 5 aresta 1.699639
32 12 aresta 1.699823
46 42 aresta 1.704008
48 33 aresta 1.704730
33 26 aresta 1.712625
45 37 aresta 1.726888
6 4 aresta 1.729729
47 24 aresta 1.730446
31 3 aresta 1.731400
45 29 aresta 1.737266
36 19 aresta 1.737995
9 6 aresta 1.741128
21 1 aresta 1.742299
32 18 aresta 1.745339
27 8 aresta 1.745577
35 5 aresta 1.748280
46 2 aresta 1.751758
34 29 aresta 1.755122
31 4 aresta 1.757116
39 32 aresta 1.781496
49 25 aresta 1.781686
34 17 aresta 1.783997
43 30 aresta 1.788567
47 33 aresta 1.791129
49 22 aresta 1.796381
34 0 aresta 1.799696
38 30 aresta 1.804090
44 6 aresta 1.804435
15 0 aresta 1.805579
40 17 aresta 1.807253
2 1 aresta 1.807810
34 13 aresta 1.808074
49 2 aresta 1.817239
37 10 aresta 1.824714
48 10 aresta 1.825988
18 5 aresta 1.827435
43 11 aresta 1.828775
49 44 aresta 1.829907
46 28 aresta 1.833427
29 27 aresta 1.839954
12 3 aresta 1.841813
47 7 aresta 1.842259
20 10 aresta 1.842627
39 5 aresta 1.854033
11 7 aresta 1.856825
40 13 aresta 1.857417
45 36 aresta 1.865869
19 8 aresta 1.867000
40 0 aresta 1.867697
26 15 aresta 1.878344
36 20 aresta 1.883148
29 15 aresta 1.890197
44 31 aresta 1.900476
36 10 aresta 1.901289
35 12 aresta 1.903190
21 9 aresta 1.908427
43 20 aresta 1.909980
45 8 aresta 1.913520
15 13 aresta 1.917729
29 19 aresta 1.919271
23 12 aresta 1.943933
48 47 aresta 1.957780
35 31 aresta 1.974295
38 11 aresta 1.981569
20 15 aresta 1.985131
20 17 aresta 1.989096
25 3 aresta 1.989146
41 6 aresta 2.003452
42 16 aresta 2.003579
27 0 aresta 2.006160
17 15 aresta 2.011453
29 20 aresta 2.019952
30 7 aresta 2.022497
37 20 aresta 2.029180
22 6 aresta 2.037131
21 12 aresta 2.038036
19 0 aresta 2.038817
41 3 aresta 2.039283
4 3 aresta 2.047262
28 14 aresta 2.047852
33 17 aresta 2.051522
47 37 aresta 2.053686
25 14 aresta 2.054480
46 25 aresta 2.056650
42 14 aresta 2.060319
42 41 aresta 2.060992
31 2 aresta 2.066810
12 5 aresta 2.067339
42 32 aresta 2.071580
35 21 aresta 2.073712
41 12 aresta 2.082076
18 12 aresta 2.084485
28 18 aresta 2.093885
39 28 aresta 2.093905
20 11 aresta 2.095327
35 28 aresta 2.099632
24 19 aresta 2.109431
38 24 aresta 2.112651
32 1 aresta 2.118543
42 9 aresta 2.127392
3 2 aresta 2.139541
39 12 aresta 2.141471
27 26 aresta 2.142057
31 18 aresta 2.142960
5 1 aresta 2.143972
27 13 aresta 2.147500
31 1 aresta 2.149773
49 14 aresta 2.161586
22 3 aresta 2.168232
21 18 aresta 2.171574
48 20 aresta 2.172116
44 3 aresta 2.174029
47 29 aresta 2.174096
33 13 aresta 2.183156
41 9 aresta 2.186071
27 20 aresta 2.188264
39 31 aresta 2.195861
19 13 aresta 2.203134
39 21 aresta 2.203346
45 0 aresta 2.206134
16 1 aresta 2.207557
26 10 aresta 2.211857
11 8 aresta 2.218513
42 21 aresta 2.222761
27 24 aresta 2.235854
47 36 aresta 2.236086
45 24 aresta 2.243369
26 19 aresta 2.244222
33 0 aresta 2.245224
38 20 aresta 2.257154
29 7 aresta 2.257891
42 22 aresta 2.261505
27 17 aresta 2.264835
31 6 aresta 2.284502
45 20 aresta 2.286447
22 12 aresta 2.300421
14 12 aresta 2.314392
23 1 aresta 2.322129
20 19 aresta 2.326523
45 26 aresta 2.331808
20 13 aresta 2.339865
19 17 aresta 2.345632
45 13 aresta 2.351467
28 9 aresta 2.354975
43 29 aresta 2.365274
24 15 aresta 2.365845
22 9 aresta 2.367811
39 25 aresta 2.385831
42 23 aresta 2.386008
25 18 aresta 2.386168
10 0 aresta 2.386733
31 28 aresta 2.389414
35 25 aresta 2.391788
9 4 aresta 2.392720
47 0 aresta 2.417543
46 1 aresta 2.421336
49 42 aresta 2.422371
42 5 aresta 2.423532
48 30 aresta 2.430778
42 1 aresta 2.435836
13 10 aresta 2.443939
43 24 aresta 2.444664
41 35 aresta 2.444772
17 10 aresta 2.448219
47 8 aresta 2.448285
29 8 aresta 2.458399
45 17 aresta 2.465737
37 30 aresta 2.476850
37 11 aresta 2.480868
35 4 aresta 2.480943
48 11 aresta 2.487727
14 6 aresta 2.509625
30 24 aresta 2.522533
30 8 aresta 2.532374
12 4 aresta 2.536629
14 3 aresta 2.537448
44 9 aresta 2.538464
36 11 aresta 2.544068
48 24 aresta 2.554201
18 4 aresta 2.556636
41 18 aresta 2.556813
31 25 aresta 2.570314
20 0 aresta 2.574855
9 2 aresta 2.575952
35 2 aresta 2.576071
38 29 aresta 2.576911
39 4 aresta 2.581325
35 22 aresta 2.584721
41 39 aresta 2.592547
36 30 aresta 2.604457
44 35 aresta 2.609227
14 9 aresta 2.614515
18 2 aresta 2.630221
25 9 aresta 2.631209
42 4 aresta 2.631363
47 13 aresta 2.644491
39 2 aresta 2.648235
12 6 aresta 2.653709
42 3 aresta 2.662866
25 1 aresta 2.663030
30 20 aresta 2.671673
44 18 aresta 2.679505
44 12 aresta 2.684881
22 18 aresta 2.686960
24 0 aresta 2.688550
44 39 aresta 2.702435
28 1 aresta 2.717466
39 22 aresta 2.719639
37 24 aresta 2.720783
44 42 aresta 2.758167
26 11 aresta 2.785728
47 26 aresta 2.795072
24 10 aresta 2.796932
42 35 aresta 2.816025
12 2 aresta 2.825621
34 24 aresta 2.829497
47 17 aresta 2.849710
47 20 aresta 2.894911
40 24 aresta 2.929704
12 1 aresta 2.931257
35 14 aresta 2.932600
36 24 aresta 2.955005
37 29 aresta 2.956219
30 0 aresta 2.961129
42 2 aresta 2.962857
49 1 aresta 2.968843
24 7 aresta 2.969313
36 29 aresta 2.972778
28 12 aresta 2.985338
48 29 aresta 2.995582
42 18 aresta 2.995742
30 26 aresta 3.015692
11 0 aresta 3.049046
42 39 aresta 3.052042
18 14 aresta 3.052366
24 13 aresta 3.065950
29 26 aresta 3.066243
17 11 aresta 3.066294
39 14 aresta 3.090189
13 11 aresta 3.094686
30 13 aresta 3.103276
24 11 aresta 3.191473
30 17 aresta 3.193276
25 12 aresta 3.208264
6 1 aresta 3.278921
42 6 aresta 3.307205
33 24 aresta 3.322768
3 1 aresta 3.344664
9 1 aresta 3.387118
42 28 aresta 3.400256
29 17 aresta 3.420608
24 17 aresta 3.473615
29 13 aresta 3.535901
29 0 aresta 3.554503
42 25 aresta 3.561663
24 8 aresta 3.569379
26 24 aresta 3.652383
35 1 aresta 3.736866
18 1 aresta 3.858913
39 1 aresta 3.897175
29 24 aresta 3.904535
24 20 aresta 4.311231
39 24 aresta 96.375585
24 18 aresta 96.384573
35 24 aresta 96.417846
24 9 aresta 96.461575
24 12 aresta 96.720097
24 3 aresta 96.852059
49 24 aresta 97.168154
42 24 aresta 97.356315
46 24 aresta 97.405856
31 24 aresta 97.512001
24 6 aresta 97.556202
39 0 aresta 97.723354
18 0 aresta 97.730991
35 0 aresta 97.759978
24 16 aresta 97.775300
9 0 aresta 97.786335
24 23 aresta 97.904683
32 24 aresta 97.906375
12 0 aresta 98.016872
39 13 aresta 98.031489
18 13 aresta 98.038980
35 13 aresta 98.067505
48 39 aresta 98.081986
39 38 aresta 98.089082
48 18 aresta 98.089873
13 9 aresta 98.091986
38 18 aresta 98.097355
47 39 aresta 98.105574
47 18 aresta 98.114585
48 35 aresta 98.119650
24 5 aresta 98.124738
38 35 aresta 98.128354
47 35 aresta 98.147926
48 9 aresta 98.149187
38 9 aresta 98.162830
47 9 aresta 98.191872
3 0 aresta 98.192962
39 37 aresta 98.228782
37 18 aresta 98.236616
37 35 aresta 98.266227
37 9 aresta 98.295088
13 12 aresta 98.319479
24 21 aresta 98.369781
48 12 aresta 98.384786
39 36 aresta 98.394355
36 18 aresta 98.402094
38 12 aresta 98.406346
43 39 aresta 98.420959
43 18 aresta 98.429173
36 35 aresta 98.431403
39 19 aresta 98.438846
19 18 aresta 98.447581
28 24 aresta 98.448234
47 12 aresta 98.450541
36 9 aresta 98.459038
43 35 aresta 98.459986
35 19 aresta 98.480044
39 17 aresta 98.485428
18 17 aresta 98.492819
43 9 aresta 98.493697
13 3 aresta 98.500342
49 0 aresta 98.504112
19 9 aresta 98.520428
35 17 aresta 98.521024
37 12 aresta 98.529587
17 9 aresta 98.544201
39 27 aresta 98.549923
48 3 aresta 98.552879
27 18 aresta 98.558610
38 3 aresta 98.561945
47 3 aresta 98.582156
35 27 aresta 98.590924
45 39 aresta 98.595396
45 18 aresta 98.604197
39 15 aresta 98.610775
18 15 aresta 98.619315
41 24 aresta 98.623408
27 9 aresta 98.630697
42 0 aresta 98.634273
45 35 aresta 98.636870
35 15 aresta 98.651163
45 9 aresta 98.678098
15 9 aresta 98.689050
36 12 aresta 98.691552
37 3 aresta 98.699405
46 0 aresta 98.724703
25 24 aresta 98.734541
43 12 aresta 98.735951
17 12 aresta 98.769545
19 12 aresta 98.773363
49 13 aresta 98.810948
31 0 aresta 98.814414
24 22 aresta 98.818459
24 4 aresta 98.844591
39 7 aresta 98.860250
36 3 aresta 98.864487
49 48 aresta 98.864949
18 7 aresta 98.868300
39 30 aresta 98.870685
49 38 aresta 98.875432
30 18 aresta 98.879887
27 12 aresta 98.882644
43 3 aresta 98.893523
49 47 aresta 98.898319
35 7 aresta 98.898592
6 0 aresta 98.912952
35 30 aresta 98.913830
19 3 aresta 98.914043
9 7 aresta 98.930183
45 12 aresta 98.932367
42 13 aresta 98.934802
39 26 aresta 98.935003
15 12 aresta 98.937972
26 18 aresta 98.942487
17 3 aresta 98.953757
30 9 aresta 98.960189
35 26 aresta 98.970984
24 14 aresta 98.983789
24 2 aresta 98.985006
44 24 aresta 98.985746
39 34 aresta 98.993011
26 9 aresta 98.995326
34 18 aresta 99.001379
48 42 aresta 99.005563
49 37 aresta 99.011281
27 3 aresta 99.024882
46 13 aresta 99.029683
42 38 aresta 99.032430
35 34 aresta 99.032681
34 9 aresta 99.068349
45 3 aresta 99.070925
15 3 aresta 99.084994
47 42 aresta 99.086723
48 46 aresta 99.088670
40 39 aresta 99.096711
16 0 aresta 99.100066
46 38 aresta 99.104016
40 18 aresta 99.105074
31 13 aresta 99.117606
47 46 aresta 99.136202
40 35 aresta 99.136357
39 10 aresta 99.138555
18 10 aresta 99.147293
42 37 aresta 99.149613
12 7 aresta 99.168990
40 9 aresta 99.171944
49 36 aresta 99.176010
35 10 aresta 99.179765
48 31 aresta 99.181351
38 31 aresta 99.201345
49 43 aresta 99.206793
10 9 aresta 99.220162
13 6 aresta 99.222010
26 12 aresta 99.222492
30 12 aresta 99.222631
49 19 aresta 99.229207
32 0 aresta 99.231976
46 37 aresta 99.234333
23 0 aresta 99.238010
47 31 aresta 99.242434
39 8 aresta 99.263078
49 17 aresta 99.263985
48 6 aresta 99.269973
18 8 aresta 99.270857
38 6 aresta 99.274537
47 6 aresta 99.286018
35 8 aresta 99.300290
42 36 aresta 99.310231
34 12 aresta 99.313674
37 31 aresta 99.326368
9 8 aresta 99.328398
7 3 aresta 99.331976
49 27 aresta 99.339874
30 3 aresta 99.348212
43 42 aresta 99.361165
42 17 aresta 99.383384
49 45 aresta 99.386327
46 36 aresta 99.397850
49 15 aresta 99.399453
26 3 aresta 99.403812
16 13 aresta 99.405674
42 19 aresta 99.405707
37 6 aresta 99.417106
40 12 aresta 99.417128
46 43 aresta 99.434619
5 0 aresta 99.457380
48 16 aresta 99.462973
46 19 aresta 99.463590
34 3 aresta 99.466358
12 10 aresta 99.473040
38 16 aresta 99.476652
46 17 aresta 99.481422
36 31 aresta 99.488720
47 16 aresta 99.505592
42 27 aresta 99.514321
43 31 aresta 99.531206
39 33 aresta 99.534609
32 13 aresta 99.537670
33 18 aresta 99.543005
23 13 aresta 99.544537
12 8 aresta 99.561573
45 42 aresta 99.565587
39 11 aresta 99.566416
31 19 aresta 99.566452
42 15 aresta 99.567627
31 17 aresta 99.568085
40 3 aresta 99.570028
46 27 aresta 99.573657
35 33 aresta 99.574392
18 11 aresta 99.575441
36 6 aresta 99.583291
48 32 aresta 99.594737
48 23 aresta 99.599360
43 6 aresta 99.606799
38 32 aresta 99.608182
35 11 aresta 99.608822
37 16 aresta 99.608865
33 9 aresta 99.610387
38 23 aresta 99.610611
10 3 aresta 99.613766
19 6 aresta 99.621189
46 45 aresta 99.621537
46 15 aresta 99.631381
47 23 aresta 99.634879
47 32 aresta 99.636659
49 7 aresta 99.644640
24 1 aresta 99.651158
11 9 aresta 99.652879
49 30 aresta 99.665052
31 27 aresta 99.675938
17 6 aresta 99.676581
21 0 aresta 99.694690
49 26 aresta 99.714382
45 31 aresta 99.725183
31 15 aresta 99.731885
27 6 aresta 99.732586
8 3 aresta 99.733413
37 32 aresta 99.740660
37 23 aresta 99.745584
13 5 aresta 99.763827
36 16 aresta 99.772795
45 6 aresta 99.777283
49 34 aresta 99.780189
42 7 aresta 99.791860
15 6 aresta 99.794432
28 0 aresta 99.802474
43 16 aresta 99.807518
48 5 aresta 99.818865
38 5 aresta 99.830318
19 16 aresta 99.834212
42 26 aresta 99.837525
47 5 aresta 99.854943
33 12 aresta 99.856175
17 16 aresta 99.857852
42 30 aresta 99.861256
46 7 aresta 99.870370
49 40 aresta 99.883837
36 32 aresta 99.904647
46 30 aresta 99.905287
36 23 aresta 99.910116
12 11 aresta 99.911566
49 10 aresta 99.928937
46 26 aresta 99.932961
43 32 aresta 99.939085
41 0 aresta 99.939810
42 34 aresta 99.940899
43 23 aresta 99.941856
27 16 aresta 99.944490
31 7 aresta 99.964934
37 5 aresta 99.965061
23 19 aresta 99.965262
32 19 aresta 99.965457
32 17 aresta 99.989907
45 16 aresta 99.991871
23 17 aresta 99.997357
21 13 aresta 100.000293
16 15 aresta 100.002861
33 3 aresta 100.008093
46 34 aresta 100.009929
31 30 aresta 100.013737
31 26 aresta 100.020692
11 3 aresta 100.043061
42 40 aresta 100.044251
49 8 aresta 100.045076
7 6 aresta 100.047167
30 6 aresta 100.049795
48 21 aresta 100.057596
38 21 aresta 100.071251
32 27 aresta 100.075764
27 23 aresta 100.075842
25 0 aresta 100.090099
47 21 aresta 100.100071
42 10 aresta 100.105293
34 31 aresta 100.108320
28 13 aresta 100.111233
46 40 aresta 100.113495
45 23 aresta 100.122504
45 32 aresta 100.123073
26 6 aresta 100.125568
36 5 aresta 100.129542
32 15 aresta 100.134228
23 15 aresta 100.135144
22 0 aresta 100.137138
48 28 aresta 100.159997
43 5 aresta 100.161531
46 10 aresta 100.163320
38 28 aresta 100.165303
4 0 aresta 100.173796
34 6 aresta 100.177819
47 28 aresta 100.178094
42 8 aresta 100.180629
19 5 aresta 100.185195
37 21 aresta 100.203489
40 31 aresta 100.211803
17 5 aresta 100.216589
16 7 aresta 100.243992
41 13 aresta 100.244484
39 20 aresta 100.253759
20 18 aresta 100.261667
31 10 aresta 100.266149
46 8 aresta 100.267366
30 16 aresta 100.273849
39 29 aresta 100.278917
40 6 aresta 100.281558
29 18 aresta 100.287961
14 0 aresta 100.291423
35 20 aresta 100.291508
27 5 aresta 100.295752
48 41 aresta 100.304271
37 28 aresta 100.307027
26 16 aresta 100.309009
44 0 aresta 100.316185
41 38 aresta 100.320343
10 6 aresta 100.320869
20 9 aresta 100.321231
2 0 aresta 100.321343
35 29 aresta 100.321399
49 33 aresta 100.322019
45 5 aresta 100.342469
47 41 aresta 100.353770
15 5 aresta 100.354983
31 8 aresta 100.358622
49 11 aresta 100.359262
29 9 aresta 100.365666
36 21 aresta 100.367419
32 7 aresta 100.375660
23 7 aresta 100.379375
34 16 aresta 100.382171
25 13 aresta 100.398991
30 23 aresta 100.401945
43 21 aresta 100.402122
32 30 aresta 100.404795
21 19 aresta 100.428748
32 26 aresta 100.441013
22 13 aresta 100.442052
48 25 aresta 100.447390
26 23 aresta 100.447948
41 37 aresta 100.449829
8 6 aresta 100.451752
38 25 aresta 100.452327
21 17 aresta 100.452466
47 25 aresta 100.464374
36 28 aresta 100.473023
13 4 aresta 100.479848
42 33 aresta 100.483668
40 16 aresta 100.485766
43 28 aresta 100.497457
48 22 aresta 100.501194
28 19 aresta 100.512792
34 32 aresta 100.513645
34 23 aresta 100.515550
38 22 aresta 100.516628
16 10 aresta 100.533946
48 4 aresta 100.535939
27 21 aresta 100.539034
42 11 aresta 100.547649
38 4 aresta 100.548387
47 22 aresta 100.548804
46 33 aresta 100.552070
20 12 aresta 100.556888
28 17 aresta 100.565596
47 4 aresta 100.574834
45 21 aresta 100.586394
37 25 aresta 100.594469
14 13 aresta 100.595133
46 11 aresta 100.597230
21 15 aresta 100.597429
7 5 aresta 100.598965
41 36 aresta 100.613155
40 32 aresta 100.617244
40 23 aresta 100.619185
30 5 aresta 100.622094
44 13 aresta 100.622365
28 27 aresta 100.624107
29 12 aresta 100.624610
13 2 aresta 100.628159
16 8 aresta 100.642162
37 22 aresta 100.646840
33 31 aresta 100.650733
43 41 aresta 100.650835
48 14 aresta 100.657482
23 10 aresta 100.664994
32 10 aresta 100.665191
26 5 aresta 100.667232
45 28 aresta 100.669003
38 14 aresta 100.676044
48 44 aresta 100.678108
41 19 aresta 100.680712
37 4 aresta 100.681996
48 2 aresta 100.682187
28 15 aresta 100.685692
44 38 aresta 100.690210
38 2 aresta 100.692612
41 17 aresta 100.696004
31 11 aresta 100.703472
47 14 aresta 100.714202
47 2 aresta 100.715159
47 44 aresta 100.715974
33 6 aresta 100.719231
20 3 aresta 100.724755
34 5 aresta 100.735303
11 6 aresta 100.746754
29 3 aresta 100.755652
36 25 aresta 100.760553
32 8 aresta 100.773994
23 8 aresta 100.779259
43 25 aresta 100.784537
41 27 aresta 100.790700
25 19 aresta 100.799356
37 14 aresta 100.802694
36 22 aresta 100.810324
44 37 aresta 100.824212
37 2 aresta 100.828520
21 7 aresta 100.838608
45 41 aresta 100.838766
40 5 aresta 100.838935
36 4 aresta 100.846223
43 22 aresta 100.847221
41 15 aresta 100.848175
25 17 aresta 100.853443
30 21 aresta 100.868281
22 19 aresta 100.876223
43 4 aresta 100.879449
10 5 aresta 100.884928
22 17 aresta 100.893739
26 21 aresta 100.903628
19 4 aresta 100.904415
27 25 aresta 100.910718
33 16 aresta 100.924207
17 4 aresta 100.932332
28 7 aresta 100.937513
30 28 aresta 100.942188
1 0 aresta 100.947909
45 25 aresta 100.955499
36 14 aresta 100.965393
16 11 aresta 100.966598
25 15 aresta 100.972451
34 21 aresta 100.976760
27 22 aresta 100.986291
44 36 aresta 100.988524
36 2 aresta 100.993248
8 5 aresta 100.998704
43 14 aresta 101.006140
28 26 aresta 101.014778
27 4 aresta 101.014855
44 43 aresta 101.021326
43 2 aresta 101.023988
45 22 aresta 101.034165
49 20 aresta 101.036889
19 14 aresta 101.039360
22 15 aresta 101.044016
44 19 aresta 101.045815
17 14 aresta 101.045972
19 2 aresta 101.046210
33 32 aresta 101.055667
33 23 aresta 101.057429
45 4 aresta 101.061849
34 28 aresta 101.068767
49 29 aresta 101.071915
15 4 aresta 101.073722
44 17 aresta 101.074938
40 21 aresta 101.080356
17 2 aresta 101.081176
41 7 aresta 101.086275
23 11 aresta 101.095838
32 11 aresta 101.097661
41 30 aresta 101.123134
21 10 aresta 101.128482
41 26 aresta 101.147732
27 14 aresta 101.149039
44 27 aresta 101.156299
27 2 aresta 101.156901
40 28 aresta 101.172495
42 20 aresta 101.177537
45 14 aresta 101.197830
45 44 aresta 101.203188
45 2 aresta 101.203296
15 14 aresta 101.205570
28 10 aresta 101.212481
44 15 aresta 101.215302
15 2 aresta 101.216545
25 7 aresta 101.224750
41 34 aresta 101.226418
30 25 aresta 101.228266
21 8 aresta 101.236787
13 1 aresta 101.250412
46 20 aresta 101.260752
42 29 aresta 101.260811
33 5 aresta 101.277195
22 7 aresta 101.282938
26 25 aresta 101.302542
46 29 aresta 101.310076
11 5 aresta 101.315906
48 1 aresta 101.315949
7 4 aresta 101.316456
30 22 aresta 101.317849
41 40 aresta 101.329972
38 1 aresta 101.337600
28 8 aresta 101.341567
30 4 aresta 101.342430
26 22 aresta 101.345323
31 20 aresta 101.353465
34 25 aresta 101.355695
41 10 aresta 101.380440
47 1 aresta 101.381602
26 4 aresta 101.383221
31 29 aresta 101.416470
34 22 aresta 101.422552
14 7 aresta 101.440497
20 6 aresta 101.441588
34 4 aresta 101.453607
44 7 aresta 101.458482
29 6 aresta 101.459120
40 25 aresta 101.459429
37 1 aresta 101.460727
7 2 aresta 101.461864
30 2 aresta 101.481757
41 8 aresta 101.482737
44 30 aresta 101.483393
30 14 aresta 101.484739
26 14 aresta 101.498278
25 10 aresta 101.499040
33 21 aresta 101.518794
44 26 aresta 101.525749
40 22 aresta 101.526118
26 2 aresta 101.531591
40 4 aresta 101.557223
21 11 aresta 101.561075
22 10 aresta 101.575953
34 14 aresta 101.582688
44 34 aresta 101.595346
34 2 aresta 101.597343
10 4 aresta 101.604149
33 28 aresta 101.610231
36 1 aresta 101.622643
25 8 aresta 101.629059
20 16 aresta 101.635019
28 11 aresta 101.638858
43 1 aresta 101.667200
29 16 aresta 101.679380
22 8 aresta 101.679851
40 14 aresta 101.686198
44 40 aresta 101.698968
17 1 aresta 101.700393
40 2 aresta 101.700992
19 1 aresta 101.704555
8 4 aresta 101.715481
14 10 aresta 101.739072
44 10 aresta 101.745549
10 2 aresta 101.745939
32 20 aresta 101.766777
41 33 aresta 101.768601
23 20 aresta 101.771330
29 23 aresta 101.808521
32 29 aresta 101.810433
27 1 aresta 101.813851
41 11 aresta 101.814802
14 8 aresta 101.835185
44 8 aresta 101.857750
8 2 aresta 101.862315
45 1 aresta 101.863535
15 1 aresta 101.869213
33 25 aresta 101.897131
25 11 aresta 101.925121
33 22 aresta 101.964696
20 5 aresta 101.990842
33 4 aresta 101.995562
22 11 aresta 102.009830
29 5 aresta 102.028596
11 4 aresta 102.035816
7 1 aresta 102.100205
33 14 aresta 102.125017
44 33 aresta 102.137278
33 2 aresta 102.139165
26 1 aresta 102.153411
30 1 aresta 102.153569
14 11 aresta 102.175244
11 2 aresta 102.176095
44 11 aresta 102.176949
21 20 aresta 102.229642
34 1 aresta 102.244932
29 21 aresta 102.273853
28 20 aresta 102.331663
40 1 aresta 102.348385
29 28 aresta 102.351257
10 1 aresta 102.404233
41 20 aresta 102.476365
8 1 aresta 102.492680
41 29 aresta 102.527669
25 20 aresta 102.619032
29 25 aresta 102.637499
22 20 aresta 102.673278
20 4 aresta 102.707950
29 22 aresta 102.722673
29 4 aresta 102.748544
33 1 aresta 102.787432
20 14 aresta 102.829597
11 1 aresta 102.842629
44 20 aresta 102.850108
20 2 aresta 102.854125
29 14 aresta 102.888193
29 2 aresta 102.888737
44 29 aresta 102.889662
20 1 aresta 103.488049
29 1 aresta 103.555666
002k31,00YC12i2cjn9HvU15Jw5lVA1,1Z3vW5Z5y79O1p09XT68R,2qVFM1M5ElHb0PldpxI425,3404N61d7E9G7,3424194n1,39A264039234,618Ftc38ZQh6,635062b43VFr6,674bNNQE94hGivVe6094n,6fVQ12ji56aUV7SDz0365,82tSTKy7K199IaF97,8NA0591z4,DY46tM8p325w1831a3nX,GKRZjT9Qou4911426SLrR605,I25236,LcdF18i4qR7my0h0Zdcjr,c00p3Q94lUi8Gi7ryOx,f6062S12485,h28dx1zd982ZrEd6JdV,i8q4Z1eS82en27CB,j75m17MAr26Y3lko0PW0l2,kAo042ZEgV58F2xuG6c1pG,m1r90Ws74k9j6l2C,t70v7f45PJzPbxluJ6If3RU
1o0v6iH08488ajC62,1w7C1G53i1qpRHK4osB647,3u9F9ziFv3j5c0J7,4469n4109,475iovl21Tsa0Uj7vbG9d7uu00x,72Xc66YE9qbJ,72Y9um92x50RI0m3,804f082r0MHcM2Krv7h99,8vk0a7v35sJEp8CS3,90ZB341p,96JVM7414kFA1q0aJL53f4,E039r2e172Qeb33LZmgYf7,H1519244416,HI5SJafPi5Jy92vSD6Brl,K142vO424NNU3CySk6,L846915d8986,Ri7990zl24y6,VB93J7GJkL8n38Dz2OYMlK,YCYs4K7C2Km9a3i6wAc,Z1679bWK95,gP1A01o4g195H33s1Vpyki,n87a8h5woP8,wz7s65223KeH2k47L1m,y23x1hcmTg21lRq5Iw12,2Q4303lg131015
